100 508 
 0 48.4 37.6
 1 83.8 69.2
 2 1.5 25.2
 3 20.9 27.5
 4 14.6 47.8
 5 36.1 73.2
 6 57.2 16.7
 7 34.6 24.9
 8 50.3 18.8
 9 32.1 87.8
 10 93.3 92.7
 11 66.3 53.0
 12 3.1 75.3
 13 54.0 30.6
 14 14.5 29.6
 15 2.5 38.1
 16 7.5 70.8
 17 4.3 84.0
 18 9.4 75.8
 19 49.8 4.7
 20 32.7 38.4
 21 51.7 42.1
 22 57.7 19.0
 23 96.8 86.7
 24 83.3 12.9
 25 14.0 53.4
 26 52.4 64.4
 27 94.4 18.6
 28 68.5 85.7
 29 70.6 24.9
 30 20.8 22.8
 31 45.1 47.2
 32 87.2 14.6
 33 49.0 99.3
 34 78.2 52.2
 35 15.0 67.2
 36 30.9 78.5
 37 93.4 3.4
 38 9.3 84.0
 39 42.7 53.4
 40 96.1 68.6
 41 31.8 28.9
 42 86.5 3.5
 43 46.6 76.0
 44 77.2 45.4
 45 94.1 4.8
 46 54.5 12.7
 47 37.9 63.6
 48 60.5 51.5
 49 79.7 22.1
 50 28.4 31.4
 51 42.5 68.9
 52 20.2 61.8
 53 89.7 87.4
 54 34.7 25.1
 55 98.2 83.6
 56 79.3 57.7
 57 50.3 70.7
 58 24.4 31.7
 59 99.6 9.5
 60 77.7 89.2
 61 20.7 64.4
 62 32.3 49.3
 63 28.7 0.8
 64 87.3 87.3
 65 51.9 13.2
 66 62.3 27.7
 67 91.0 90.3
 68 60.3 17.5
 69 87.9 0.8
 70 70.9 33.9
 71 46.8 18.1
 72 75.6 2.4
 73 98.6 26.6
 74 82.7 69.4
 75 34.1 46.7
 76 52.6 12.8
 77 41.2 45.6
 78 23.5 61.5
 79 63.0 29.7
 80 76.2 25.7
 81 8.2 74.6
 82 1.0 81.2
 83 15.3 82.2
 84 52.4 81.9
 85 3.5 59.4
 86 8.3 20.9
 87 58.4 64.2
 88 50.2 22.1
 89 59.9 98.7
 90 3.0 47.5
 91 1.9 97.4
 92 64.9 39.8
 93 50.6 83.3
 94 96.9 94.0
 95 81.8 98.8
 96 94.2 20.5
 97 24.9 85.5
 98 85.0 46.8
 99 33.1 71.4
 12 89
 2 92
 1 93
 15 54
 21 45
 4 48
 11 26
 27 56
 1 51
 7 64
 76 86
 13 56
 46 64
 43 67
 33 61
 5 66
 36 58
 13 53
 41 60
 19 25
 11 58
 1 61
 13 75
 70 75
 11 16
 68 87
 1 38
 73 79
 41 57
 4 35
 21 74
 25 77
 12 25
 34 37
 12 54
 27 33
 53 84
 71 84
 75 87
 89 96
 80 98
 83 86
 57 96
 42 88
 29 83
 11 87
 2 89
 25 87
 48 57
 71 94
 85 94
 84 95
 46 94
 3 4
 44 70
 65 67
 27 95
 39 52
 31 49
 9 66
 16 66
 39 71
 8 58
 6 11
 14 71
 42 75
 55 69
 45 72
 31 68
 24 43
 33 77
 21 81
 3 75
 52 69
 19 22
 33 87
 30 37
 65 96
 18 23
 29 38
 54 80
 33 96
 23 79
 34 86
 19 41
 20 82
 79 90
 39 59
 28 30
 16 86
 34 44
 47 48
 3 43
 1 45
 8 45
 36 71
 61 87
 10 11
 28 49
 32 72
 12 93
 19 93
 18 94
 9 73
 44 51
 46 97
 49 72
 40 55
 19 61
 44 48
 65 94
 0 56
 5 9
 7 36
 3 11
 45 79
 13 37
 62 66
 54 58
 64 75
 35 72
 14 68
 57 71
 52 60
 49 63
 28 59
 65 84
 14 46
 39 78
 1 32
 67 92
 3 31
 37 58
 74 82
 81 82
 44 80
 79 96
 29 77
 34 93
 47 87
 51 90
 31 33
 13 98
 86 87
 86 96
 14 27
 13 28
 16 41
 53 97
 75 91
 62 86
 5 99
 27 98
 26 99
 3 92
 21 46
 52 57
 6 47
 41 51
 54 55
 48 70
 45 66
 44 67
 43 68
 42 69
 29 64
 20 66
 43 59
 9 70
 71 75
 4 17
 18 36
 63 72
 46 75
 0 40
 52 76
 23 73
 8 39
 49 79
 31 63
 0 82
 22 23
 16 38
 20 34
 11 36
 83 87
 67 98
 70 86
 73 99
 17 28
 52 86
 34 90
 2 90
 9 90
 31 40
 30 41
 21 53
 20 44
 11 46
 22 52
 9 48
 92 95
 47 52
 29 94
 10 25
 35 66
 46 53
 45 54
 20 54
 30 51
 5 55
 56 57
 8 59
 8 17
 12 13
 74 76
 31 69
 6 73
 49 76
 18 24
 21 63
 8 78
 52 70
 6 61
 66 96
 22 68
 1 27
 61 81
 33 88
 26 84
 7 40
 64 76
 6 70
 54 91
 60 92
 2 3
 14 92
 13 93
 4 95
 39 50
 41 64
 40 65
 43 53
 22 49
 27 51
 10 54
 58 62
 46 69
 39 60
 62 96
 69 71
 68 72
 54 59
 54 68
 19 71
 35 73
 34 74
 13 70
 28 69
 45 80
 10 73
 16 74
 75 82
 18 63
 38 48
 5 91
 16 32
 34 94
 14 28
 73 84
 80 84
 35 99
 48 84
 16 84
 19 30
 30 96
 14 37
 79 97
 28 37
 60 89
 10 41
 9 62
 78 89
 11 31
 47 88
 82 92
 53 89
 88 93
 45 96
 14 89
 41 94
 13 67
 25 92
 45 58
 56 80
 5 49
 32 54
 27 67
 9 52
 0 54
 20 45
 1 60
 36 89
 39 66
 38 67
 52 67
 67 87
 21 66
 28 76
 35 61
 22 56
 17 70
 4 60
 27 58
 25 60
 22 33
 32 51
 27 35
 32 41
 43 98
 39 86
 9 81
 15 75
 6 77
 41 81
 32 83
 57 89
 55 84
 3 90
 24 80
 46 86
 6 35
 28 34
 15 24
 67 99
 41 91
 8 31
 35 48
 50 98
 12 88
 88 90
 83 85
 29 85
 8 28
 27 87
 2 91
 79 95
 29 82
 43 47
 20 55
 33 50
 38 64
 47 72
 10 48
 1 50
 16 68
 51 85
 28 54
 61 95
 1 8
 66 68
 43 66
 37 56
 44 56
 35 58
 48 59
 19 56
 0 29
 17 58
 78 83
 6 13
 15 63
 20 23
 14 83
 7 73
 14 73
 57 76
 24 26
 8 79
 9 78
 24 77
 13 84
 50 86
 59 84
 71 83
 53 83
 38 84
 27 42
 34 97
 41 97
 56 96
 21 51
 10 96
 49 87
 32 90
 0 48
 16 46
 15 69
 70 94
 49 55
 63 90
 62 91
 29 44
 7 99
 26 95
 4 22
 9 75
 35 74
 50 54
 9 65
 93 98
 23 97
 0 58
 20 71
 49 94
 62 68
 28 70
 72 86
 23 68
 6 20
 13 71
 56 74
 15 60
 55 78
 27 62
 10 32
 49 84
 15 37
 14 19
 1 34
 70 81
 19 21
 68 83
 17 23
 46 80
 94 97
 47 89
 22 89
 1 86
 33 44
 12 92
 22 37
 41 43
 21 90
 12 31
 55 97
 0 45
 77 91
 60 99
 67 94
 30 97
 28 99
 34 95
 29 89
 20 91
 49 52
 26 92
 37 50
 43 51
 14 48
 29 47
 19 50
 10 52
 1 54
 30 65
 43 80
 14 58
 1 83
 54 66
 64 74
 55 56
 42 71
 15 57
 10 71
 17 71
 28 58
 10 62
 38 43
 68 90
 14 16
 71 77
 13 97
 3 20
 68 80
 46 77
 53 77
 7 77
 51 98
 29 76
 44 89
 73 92
 2 82
 9 82
 17 30
 70 88
 5 47
 32 94
 55 72
 22 25
 75 99
 90 98
 53 96
 18 29
 83 89
 54 86
 89 90
 60 87
 6 88
